3 0 35 100 
3 1 6 106 
3 2 44 99 
3 3 74 88 
3 4 91 101 
3 5 46 114 
3 7 73 125 
3 8 51 61 
3 9 57 93 
3 10 14 94 
3 11 107 111 
3 12 29 117 
3 13 15 119 
3 16 81 96 
3 17 76 90 
3 18 40 72 
3 19 95 121 
3 20 34 104 
3 21 22 56 
3 23 37 105 
3 24 36 41 
3 25 39 48 
3 26 63 66 
3 27 62 127 
3 28 59 65 
3 30 85 116 
3 31 75 113 
3 32 38 110 
3 33 42 84 
3 43 83 87 
3 45 120 124 
3 47 54 67 
3 49 50 52 
3 53 78 122 
3 55 98 109 
3 58 80 86 
3 60 112 126 
3 64 77 89 
3 68 69 103 
3 70 79 118 
3 71 92 108 
3 82 97 102 
3 1 115 123 
3 0 50 80 
3 2 61 72 
3 3 54 96 
3 4 20 48 
3 5 7 86 
3 6 69 74 
3 8 33 78 
3 9 25 77 
3 10 47 122 
3 11 34 88 
3 12 70 110 
3 13 97 107 
3 14 23 83 
3 15 46 117 
3 16 30 62 
3 17 52 65 
3 18 31 95 
3 19 56 60 
3 21 24 71 
3 22 45 55 
3 26 53 76 
3 27 35 41 
3 28 89 124 
3 29 44 116 
3 32 37 98 
3 36 84 102 
3 38 113 115 
3 39 92 118 
3 40 87 91 
3 42 93 125 
3 43 58 103 
3 49 111 121 
3 51 106 120 
3 57 81 126 
3 59 73 85 
3 63 68 79 
3 64 94 119 
3 66 101 112 
3 67 75 108 
3 82 90 123 
3 99 104 105 
3 100 110 122 
3 109 114 127 
3 0 57 72 
3 1 46 48 
3 2 68 97 
3 3 28 36 
3 4 41 121 
3 5 67 112 
3 6 19 42 
3 7 105 118 
3 8 23 62 
3 9 26 98 
3 10 22 73 
3 11 78 126 
3 12 87 124 
3 13 59 101 
3 14 57 123 
3 15 18 37 
3 16 17 103 
3 20 55 75 
3 21 29 50 
3 24 76 119 
3 25 44 54 
3 27 77 113 
3 30 92 111 
3 31 58 78 
3 32 69 71 
3 33 64 79 
3 12 34 90 
3 35 63 120 
3 38 61 65 
3 39 100 102 
3 40 84 109 
3 43 56 99 
3 45 93 107 
3 47 49 51 
3 52 94 114 
3 53 91 116 
3 60 80 89 
3 66 104 115 
3 70 81 95 
3 74 82 127 
3 83 108 125 
3 64 85 106 
3 4 86 96 
3 37 85 88 
3 66 74 117 
3 0 6 76 
3 1 21 62 
3 2 92 94 
3 3 55 118 
3 5 34 35 
3 7 49 123 
3 8 25 90 
3 9 36 58 
3 10 40 69 
3 11 77 83 
3 13 50 75 
3 14 41 117 
3 15 43 47 
3 16 42 104 
3 17 18 112 
3 19 39 59 
3 20 89 122 
3 22 81 102 
3 23 60 97 
3 24 51 70 
3 26 61 96 
3 27 53 118 
3 28 46 111 
3 29 109 126 
3 30 38 80 
3 31 63 73 
3 32 44 120 
3 33 71 101 
3 45 84 115 
3 48 65 68 
3 52 91 93 
3 54 87 107 
3 56 79 113 
3 64 67 82 
3 20 72 103 
3 86 100 106 
3 50 88 124 
3 95 99 114 
3 98 108 121 
3 0 105 116 
3 110 125 127 
3 38 57 119 
3 1 60 98 
3 2 53 88 
3 3 62 126 
3 4 43 82 
3 5 55 69 
3 6 96 112 
3 7 9 117 
3 8 29 67 
3 10 34 101 
3 11 24 52 
3 12 49 85 
3 13 16 109 
3 14 48 127 
3 15 19 78 
3 17 111 120 
3 18 21 74 
3 22 33 37 
3 23 91 119 
3 25 71 122 
3 26 94 103 
3 27 54 59 
3 28 76 115 
3 30 31 45 
3 32 89 102 
3 35 65 70 
3 36 47 116 
3 39 66 93 
3 40 75 106 
3 41 80 81 
3 42 61 123 
3 44 83 100 
3 46 58 105 
3 51 77 104 
3 56 72 110 
3 63 90 92 
3 68 87 95 
3 73 84 121 
3 79 86 108 
3 97 114 124 
3 69 99 125 
3 37 107 113 
3 0 32 117 
3 1 99 119 
3 2 16 73 
3 3 15 63 
3 4 21 78 
3 5 43 89 
3 6 30 83 
3 7 38 101 
3 8 10 107 
3 9 67 100 
3 11 56 116 
3 12 27 33 
3 13 22 92 
3 14 45 71 
3 17 47 57 
3 18 34 102 
3 19 35 91 
3 20 44 52 
3 23 42 86 
3 24 54 98 
3 25 75 81 
3 26 50 125 
3 28 31 109 
3 29 104 121 
3 36 113 120 
3 39 64 87 
3 40 49 97 
3 41 110 112 
3 46 61 79 
3 48 53 84 
3 51 94 126 
3 55 77 123 
3 58 59 90 
3 60 88 93 
3 62 66 124 
3 65 74 105 
3 68 85 96 
3 70 103 115 
3 72 82 118 
3 76 108 114 
3 80 106 127 
3 95 111 122 
