3 0 70 200 
3 1 10 213 
3 2 87 199 
3 3 147 175 
3 4 182 198 
3 5 89 226 
3 6 146 250 
3 7 100 120 
3 8 112 186 
3 9 19 184 
3 11 209 220 
3 12 51 232 
3 13 15 236 
3 14 161 192 
3 16 151 185 
3 17 71 144 
3 18 190 241 
3 20 54 205 
3 21 24 104 
3 22 53 206 
3 23 48 60 
3 25 56 74 
3 26 107 116 
3 27 101 254 
3 28 94 103 
3 29 159 227 
3 30 130 221 
3 31 39 214 
3 32 36 155 
3 33 150 163 
3 34 234 249 
3 35 64 92 
3 37 38 41 
3 40 114 240 
3 42 170 202 
3 43 126 134 
3 44 218 251 
3 45 98 137 
3 46 62 171 
3 47 80 229 
3 49 97 167 
3 50 66 115 
3 52 57 178 
3 55 133 148 
3 58 139 164 
3 59 129 203 
3 61 65 85 
3 63 172 188 
3 67 162 173 
3 68 109 174 
3 69 91 246 
3 72 125 191 
3 73 111 228 
3 75 158 223 
3 76 187 204 
3 77 88 235 
3 78 131 154 
3 79 117 135 
3 81 121 169 
3 82 157 201 
3 83 176 193 
3 84 93 132 
3 86 128 245 
3 90 189 215 
3 95 160 168 
3 96 219 237 
3 99 197 248 
3 102 152 243 
3 105 122 239 
3 106 140 242 
3 108 143 179 
3 110 124 253 
3 113 183 247 
3 118 153 211 
3 119 210 244 
3 123 208 252 
3 127 136 231 
3 138 156 196 
3 141 177 217 
3 142 149 195 
3 145 216 230 
3 165 180 207 
3 166 225 255 
3 181 212 233 
3 194 224 238 
3 114 170 222 
3 0 7 186 
3 1 135 236 
3 2 3 191 
3 4 125 242 
3 5 64 199 
3 6 11 49 
3 8 167 197 
3 9 48 52 
3 10 42 58 
3 12 45 209 
3 13 14 149 
3 15 57 133 
3 16 79 86 
3 17 39 140 
3 18 126 169 
3 19 62 67 
3 20 51 124 
3 21 90 203 
3 22 219 253 
3 23 98 233 
3 24 143 201 
3 25 132 175 
3 26 214 225 
3 27 72 252 
3 28 36 129 
3 29 205 228 
3 30 193 200 
3 31 73 238 
3 32 139 177 
3 33 189 235 
3 34 115 215 
3 35 61 190 
3 37 136 172 
3 38 80 178 
3 40 105 145 
3 41 156 210 
3 43 158 183 
3 44 120 187 
3 46 78 153 
3 47 109 246 
3 50 160 207 
3 53 102 180 
3 54 75 216 
3 55 74 218 
3 56 122 168 
3 59 83 107 
3 60 65 82 
3 63 71 243 
3 66 118 245 
3 68 101 163 
3 69 221 247 
3 70 185 226 
3 76 131 224 
3 77 161 250 
3 81 97 217 
3 84 110 155 
3 85 144 222 
3 87 220 244 
3 88 96 204 
3 89 162 206 
3 91 108 154 
3 92 227 249 
3 93 127 134 
3 94 181 208 
3 95 130 137 
3 99 123 230 
3 100 188 232 
3 103 142 171 
3 104 117 119 
3 106 128 229 
3 111 112 196 
3 113 213 234 
3 116 121 148 
3 138 211 240 
3 141 182 184 
3 146 176 222 
3 147 194 202 
3 150 239 255 
3 151 231 254 
3 152 159 179 
3 157 237 248 
3 164 165 174 
3 166 173 213 
3 192 198 223 
3 95 195 241 
3 29 212 251 
3 0 24 198 
3 1 197 243 
3 2 96 107 
3 3 48 115 
3 4 45 240 
3 5 145 246 
3 6 108 231 
3 7 103 150 
3 8 84 229 
3 9 20 151 
3 10 27 44 
3 11 31 165 
3 12 148 249 
3 13 32 224 
3 14 206 233 
3 15 61 125 
3 16 26 195 
3 17 43 94 
3 18 156 235 
3 19 88 152 
3 21 46 74 
3 22 90 170 
3 23 164 186 
3 25 41 89 
3 28 37 157 
3 30 67 238 
3 33 154 242 
3 34 105 155 
3 35 118 136 
3 36 119 137 
3 38 75 225 
3 39 92 104 
3 40 97 204 
3 42 128 169 
3 47 176 212 
3 49 74 183 
3 50 223 244 
3 51 193 210 
3 52 114 143 
3 53 78 134 
3 54 77 202 
3 55 230 245 
3 56 85 111 
3 57 220 221 
3 58 64 130 
3 59 101 178 
3 60 76 117 
3 62 109 172 
3 63 86 87 
3 65 124 166 
3 66 162 217 
3 68 175 241 
3 69 219 227 
3 70 126 237 
3 71 138 177 
3 72 180 232 
3 73 79 215 
3 80 123 141 
3 81 188 228 
3 82 209 216 
3 83 118 122 
3 91 129 173 
3 93 100 161 
3 98 194 254 
3 99 189 247 
3 102 121 239 
3 106 226 250 
3 110 146 182 
3 112 131 199 
3 113 149 211 
3 116 120 184 
3 127 139 255 
3 132 159 200 
3 133 196 207 
3 135 146 171 
3 140 147 248 
3 142 191 205 
3 144 174 234 
3 153 181 185 
3 61 158 179 
3 160 187 203 
3 163 167 192 
3 168 201 252 
3 155 190 251 
3 175 208 236 
3 114 214 218 
3 17 178 253 
3 0 191 245 
3 1 107 150 
3 2 82 183 
3 3 91 138 
3 4 73 127 
3 5 11 120 
3 6 232 241 
3 7 170 252 
3 8 12 203 
3 9 113 132 
3 10 153 223 
3 13 70 116 
3 14 92 229 
3 15 90 216 
3 16 64 167 
3 18 186 238 
3 19 119 165 
3 20 131 137 
3 21 176 255 
3 22 45 172 
3 23 26 93 
3 24 81 181 
3 25 76 103 
3 27 156 249 
3 28 128 179 
3 29 33 89 
3 30 44 94 
3 31 123 213 
3 32 72 220 
3 34 78 201 
3 35 207 225 
3 36 99 100 
3 37 85 189 
3 38 135 194 
3 39 87 163 
3 40 129 164 
3 41 192 230 
3 42 104 110 
3 43 109 215 
3 46 51 57 
3 47 66 76 
3 48 77 121 
3 49 54 139 
3 50 145 253 
3 52 190 197 
3 53 58 111 
3 55 71 185 
3 56 242 244 
3 59 158 228 
3 60 68 141 
3 62 83 226 
3 63 173 212 
3 65 221 226 
3 67 134 216 
3 69 198 239 
3 75 174 199 
3 79 133 152 
3 80 102 205 
3 84 143 162 
3 86 105 161 
3 88 208 246 
3 95 182 248 
3 96 210 231 
3 97 166 171 
3 74 98 235 
3 101 142 169 
3 106 136 148 
3 108 236 251 
3 112 193 217 
3 115 149 218 
3 117 168 247 
3 122 126 233 
3 124 147 187 
3 125 202 243 
3 130 188 211 
3 140 180 200 
3 144 154 237 
3 151 160 206 
3 157 240 250 
3 159 177 254 
3 184 196 219 
3 195 222 227 
3 185 204 209 
3 78 177 214 
3 16 224 234 
3 0 77 253 
3 1 221 233 
3 2 81 155 
3 3 104 172 
3 4 64 178 
3 5 18 117 
3 6 181 196 
3 7 136 183 
3 8 29 119 
3 9 128 255 
3 10 82 176 
3 11 61 239 
3 12 66 236 
3 13 97 156 
3 14 51 174 
3 15 96 168 
3 17 19 241 
3 20 107 215 
3 21 205 237 
3 22 55 60 
3 23 62 248 
3 24 68 243 
3 25 42 69 
3 26 108 202 
3 27 86 154 
3 28 122 199 
3 30 33 110 
3 31 48 203 
3 32 158 219 
3 34 49 140 
3 35 71 142 
3 36 47 111 
3 37 180 204 
3 38 100 115 
3 39 83 133 
3 40 229 247 
3 41 125 164 
3 43 160 240 
3 44 85 167 
3 45 123 179 
3 46 73 145 
3 50 98 222 
3 52 70 188 
3 53 87 182 
3 27 54 84 
3 56 141 249 
3 57 173 195 
3 58 148 171 
3 59 201 235 
3 63 187 242 
3 65 149 231 
3 67 121 252 
3 72 126 166 
3 75 106 251 
3 79 223 232 
3 18 80 153 
3 88 130 214 
3 89 127 234 
3 90 118 159 
3 91 197 250 
3 92 157 175 
3 93 193 246 
3 94 139 190 
3 55 95 150 
3 99 162 211 
3 101 102 209 
3 103 151 230 
3 105 184 194 
3 109 206 244 
3 112 113 202 
3 102 114 210 
3 116 212 240 
3 120 143 238 
3 124 134 152 
3 129 135 200 
3 131 192 227 
3 132 146 220 
3 137 169 218 
3 138 163 208 
3 144 198 217 
3 147 225 228 
3 161 213 254 
3 165 170 224 
3 71 186 189 
3 131 160 191 
3 96 99 207 
3 85 126 245 
3 0 19 225 
3 1 128 145 
3 2 42 238 
3 3 16 61 
3 4 103 108 
3 5 39 254 
3 6 84 189 
3 7 101 244 
3 8 123 239 
3 9 223 236 
3 10 140 186 
3 11 192 237 
3 12 78 146 
3 13 17 60 
3 14 90 228 
3 15 53 169 
3 20 44 138 
3 21 100 234 
3 22 167 177 
3 23 158 243 
3 24 56 149 
3 25 34 188 
3 26 181 247 
3 28 80 214 
3 29 175 204 
3 30 136 230 
3 31 142 210 
3 32 109 154 
3 33 114 213 
3 35 86 129 
3 36 185 191 
3 37 59 124 
3 38 95 121 
3 40 133 255 
3 41 43 110 
3 45 200 201 
3 46 163 251 
3 47 152 231 
3 48 89 241 
3 49 73 83 
3 50 139 179 
3 51 58 245 
3 52 67 68 
3 54 79 221 
3 57 76 182 
3 62 208 227 
3 63 165 246 
3 64 93 252 
3 65 91 148 
3 66 180 219 
3 69 116 199 
3 70 137 249 
3 72 74 130 
3 75 104 132 
3 77 184 195 
3 81 151 242 
3 82 106 196 
3 87 153 215 
3 88 174 197 
3 92 187 226 
3 94 161 162 
3 97 178 211 
3 98 134 198 
3 105 203 222 
3 107 194 209 
3 111 150 253 
3 112 172 220 
3 113 156 233 
3 115 205 250 
3 117 147 206 
3 118 144 171 
3 119 125 217 
3 120 168 176 
3 122 127 232 
3 135 143 216 
3 141 207 218 
3 155 157 193 
3 159 166 229 
3 164 212 235 
3 170 173 190 
3 183 224 248 
