3 0 140 400 
3 1 19 425 
3 2 171 399 
3 3 293 350 
3 4 364 396 
3 5 175 449 
3 6 291 501 
3 7 196 239 
3 8 221 372 
3 9 30 368 
3 10 415 438 
3 11 93 462 
3 12 15 471 
3 13 322 384 
3 14 301 370 
3 16 132 288 
3 17 381 480 
3 18 96 407 
3 20 26 199 
3 21 90 406 
3 22 80 102 
3 23 89 127 
3 24 198 216 
3 25 185 508 
3 27 168 188 
3 28 309 450 
3 29 245 435 
3 31 50 420 
3 32 41 299 
3 33 285 314 
3 34 465 498 
3 35 95 159 
3 36 37 45 
3 38 197 476 
3 39 327 394 
3 40 225 244 
3 42 430 502 
3 43 162 252 
3 44 73 325 
3 46 116 453 
3 47 154 318 
3 48 77 187 
3 49 56 338 
3 51 232 264 
3 52 243 300 
3 53 223 386 
3 54 60 119 
3 55 312 348 
3 57 290 308 
3 58 158 313 
3 59 123 488 
3 61 203 347 
3 62 153 440 
3 63 277 428 
3 64 340 376 
3 65 104 454 
3 66 204 261 
3 67 150 208 
3 68 161 286 
3 69 262 359 
3 70 283 328 
3 71 87 182 
3 72 176 481 
3 74 317 382 
3 75 253 270 
3 76 389 442 
3 78 337 484 
3 79 238 473 
3 81 136 459 
3 82 172 463 
3 83 190 265 
3 84 131 500 
3 85 274 490 
3 86 195 349 
3 88 343 474 
3 91 335 493 
3 92 103 448 
3 94 166 307 
3 97 201 358 
3 98 125 266 
3 99 331 426 
3 100 152 241 
3 101 395 496 
3 105 169 378 
3 106 405 491 
3 107 281 377 
3 108 117 404 
3 109 320 478 
3 110 111 411 
3 112 303 489 
3 113 210 421 
3 114 122 183 
3 115 371 419 
3 118 180 184 
3 120 167 194 
3 121 179 437 
3 124 126 345 
3 128 202 323 
3 129 229 240 
3 130 165 329 
3 133 304 374 
3 134 207 213 
3 135 186 297 
3 137 246 427 
3 138 455 509 
3 139 267 472 
3 141 333 422 
3 142 311 380 
3 143 444 461 
3 144 220 510 
3 145 157 302 
3 146 431 466 
3 147 416 423 
3 148 222 483 
3 149 324 390 
3 151 408 470 
3 155 282 446 
3 156 206 409 
3 160 316 375 
3 163 228 388 
3 164 249 294 
3 170 339 434 
3 173 352 397 
3 174 296 443 
3 177 231 344 
3 178 259 507 
3 181 356 457 
3 189 379 495 
3 191 295 441 
3 192 279 298 
3 193 383 460 
3 200 452 506 
3 205 276 414 
3 209 250 278 
3 211 387 410 
3 212 263 385 
3 214 258 487 
3 215 269 273 
3 217 235 445 
3 218 219 360 
3 224 367 456 
3 226 257 334 
3 227 346 366 
3 230 234 418 
3 233 260 353 
3 236 429 485 
3 237 424 468 
3 242 321 499 
3 247 271 365 
3 248 361 503 
3 251 355 477 
3 254 373 403 
3 255 369 492 
3 256 292 464 
3 268 363 467 
3 272 336 451 
3 275 284 447 
3 280 398 402 
3 287 310 319 
3 289 326 504 
3 305 469 486 
3 306 342 401 
3 315 432 436 
3 330 391 433 
3 332 357 475 
3 341 458 497 
3 351 505 511 
3 354 392 412 
3 362 393 417 
3 413 439 482 
3 368 479 494 
3 0 128 314 
3 1 275 473 
3 2 7 488 
3 3 355 381 
3 4 301 434 
3 5 373 382 
3 6 347 436 
3 8 19 272 
3 9 69 439 
3 10 148 458 
3 11 231 284 
3 12 191 481 
3 13 200 498 
3 14 117 120 
3 15 260 389 
3 16 302 493 
3 17 295 450 
3 18 136 452 
3 20 250 356 
3 21 22 98 
3 23 154 448 
3 24 45 63 
3 25 359 465 
3 26 196 343 
3 27 253 422 
3 28 33 173 
3 29 133 138 
3 30 99 441 
3 31 145 299 
3 32 380 433 
3 34 324 483 
3 35 210 330 
3 36 121 187 
3 37 402 507 
3 38 178 292 
3 39 179 294 
3 40 208 491 
3 41 393 508 
3 42 238 374 
3 43 87 206 
3 44 245 335 
3 46 354 400 
3 47 119 141 
3 48 375 500 
3 49 118 291 
3 50 57 332 
3 51 303 418 
3 52 82 205 
3 53 124 457 
3 54 125 157 
3 55 244 315 
3 56 352 444 
3 58 111 431 
3 59 257 472 
3 60 174 470 
3 61 107 388 
3 62 319 407 
3 64 327 461 
3 65 188 267 
3 66 265 440 
3 67 214 396 
3 68 78 397 
3 70 186 215 
3 71 112 377 
3 72 192 424 
3 73 166 395 
3 74 411 443 
3 75 109 134 
3 76 297 346 
3 77 263 282 
3 79 218 242 
3 80 240 469 
3 81 235 414 
3 83 369 504 
3 84 97 351 
3 85 162 410 
3 86 114 468 
3 88 100 427 
3 89 115 236 
3 90 220 495 
3 91 147 271 
3 92 378 383 
3 93 165 361 
3 94 306 363 
3 95 367 404 
3 96 126 387 
3 101 201 283 
3 102 163 464 
3 103 326 453 
3 104 195 258 
3 105 160 503 
3 106 172 372 
3 108 155 278 
3 110 350 463 
3 113 234 366 
3 116 137 497 
3 122 130 490 
3 123 143 467 
3 127 233 348 
3 129 241 279 
3 131 144 251 
3 132 223 484 
3 135 175 476 
3 139 232 321 
3 140 216 430 
3 142 180 329 
3 146 224 415 
3 149 273 478 
3 150 164 423 
3 151 340 409 
3 152 276 475 
3 153 334 379 
3 156 194 482 
3 158 204 455 
3 159 401 486 
3 161 320 451 
3 167 213 492 
3 168 243 398 
3 169 247 494 
3 170 217 502 
3 171 429 511 
3 176 190 437 
3 177 199 449 
3 181 203 426 
3 182 246 325 
3 183 466 485 
3 184 328 339 
3 185 277 419 
3 189 225 323 
3 193 219 290 
3 197 287 365 
3 198 296 342 
3 202 274 385 
3 207 362 432 
3 209 304 318 
3 211 360 442 
3 212 228 390 
3 221 331 391 
3 222 408 499 
3 226 428 462 
3 227 376 412 
3 229 254 286 
3 230 386 477 
3 237 322 489 
3 239 266 506 
3 248 305 509 
3 249 269 357 
3 252 259 336 
3 255 447 496 
3 256 289 311 
3 261 308 338 
3 262 337 487 
3 264 312 403 
3 268 364 471 
3 270 474 480 
3 280 438 501 
3 281 420 505 
3 285 300 358 
3 226 288 456 
3 293 370 460 
3 298 345 371 
3 307 313 459 
3 309 421 435 
3 310 341 405 
3 316 317 392 
3 130 333 416 
3 344 394 479 
3 349 425 510 
3 353 445 493 
3 383 384 402 
3 399 405 413 
3 368 406 446 
3 143 304 417 
3 50 155 454 
3 0 239 272 
3 1 291 366 
3 2 311 386 
3 3 11 348 
3 4 222 500 
3 5 86 194 
3 6 119 241 
3 7 187 442 
3 8 44 419 
3 9 158 321 
3 10 29 373 
3 12 292 332 
3 13 159 244 
3 14 33 61 
3 15 74 379 
3 16 390 412 
3 17 310 502 
3 18 104 503 
3 19 378 471 
3 20 162 208 
3 21 70 124 
3 22 207 497 
3 23 285 294 
3 24 213 418 
3 25 190 422 
3 26 41 431 
3 27 135 306 
3 28 470 504 
3 30 354 410 
3 31 161 499 
3 32 287 300 
3 34 56 463 
3 35 258 394 
3 36 229 319 
3 37 328 455 
3 38 202 350 
3 39 246 411 
3 40 68 101 
3 42 122 478 
3 43 257 421 
3 45 250 510 
3 46 94 505 
3 47 330 360 
3 48 183 315 
3 49 156 271 
3 51 205 416 
3 52 102 275 
3 53 182 290 
3 54 268 439 
3 55 83 247 
3 57 170 177 
3 58 192 228 
3 59 269 322 
3 60 112 248 
3 62 73 117 
3 63 388 467 
3 64 270 345 
3 65 255 426 
3 66 214 429 
3 67 134 233 
3 69 323 474 
3 71 381 415 
3 72 103 251 
3 75 81 97 
3 76 299 361 
3 77 206 487 
3 78 92 404 
3 79 150 316 
3 80 375 472 
3 82 387 401 
3 84 256 479 
3 85 171 501 
3 87 89 464 
3 88 238 428 
3 90 197 485 
3 91 174 488 
3 93 384 400 
3 95 157 184 
3 96 146 353 
3 98 342 370 
3 99 127 276 
3 100 283 409 
3 105 254 261 
3 106 107 175 
3 108 376 489 
3 109 193 305 
3 110 280 492 
3 111 113 201 
3 114 223 309 
3 115 317 352 
3 116 118 452 
3 120 211 357 
3 121 293 374 
3 123 441 466 
3 125 131 403 
3 126 139 326 
3 128 234 240 
3 129 273 344 
3 132 264 417 
3 133 188 260 
3 136 186 277 
3 137 263 331 
3 138 231 423 
3 140 152 265 
3 141 336 477 
3 142 189 307 
3 144 262 347 
3 145 274 371 
3 147 454 480 
3 148 356 440 
3 149 399 448 
3 151 329 372 
3 153 219 393 
3 154 225 338 
3 160 178 457 
3 163 195 217 
3 164 369 495 
3 165 279 396 
3 166 252 498 
3 167 200 295 
3 168 288 494 
3 169 209 414 
3 172 434 484 
3 173 438 446 
3 176 377 433 
3 179 181 482 
3 180 237 286 
3 185 282 486 
3 191 243 325 
3 196 397 509 
3 198 221 308 
3 199 335 436 
3 203 320 456 
3 204 230 445 
3 210 301 453 
3 212 218 450 
3 215 312 380 
3 216 389 395 
3 220 420 461 
3 152 224 349 
3 227 460 491 
3 232 341 425 
3 235 408 481 
3 236 278 506 
3 242 358 449 
3 90 245 303 
3 249 337 458 
3 253 339 466 
3 259 362 391 
3 266 334 475 
3 267 324 367 
3 281 298 447 
3 284 359 443 
3 289 318 462 
3 296 343 424 
3 297 355 469 
3 302 437 459 
3 313 427 444 
3 314 483 507 
3 327 430 476 
3 333 352 407 
3 171 340 508 
3 256 346 465 
3 351 385 468 
3 363 365 490 
3 364 376 432 
3 330 382 406 
3 392 413 496 
3 343 398 435 
3 243 258 451 
3 117 473 511 
3 0 71 315 
3 1 143 244 
3 2 56 164 
3 3 73 499 
3 4 318 426 
3 5 225 288 
3 6 150 191 
3 7 9 57 
3 8 84 502 
3 10 451 459 
3 11 78 363 
3 12 21 106 
3 13 320 445 
3 14 286 422 
3 15 132 240 
3 16 357 503 
3 17 178 237 
3 18 61 274 
3 19 39 226 
3 20 114 275 
3 22 177 407 
3 23 280 467 
3 24 273 408 
3 25 341 402 
3 26 116 495 
3 27 411 432 
3 28 105 159 
3 29 99 340 
3 30 229 377 
3 31 399 421 
3 32 133 468 
3 33 221 379 
3 34 207 435 
3 35 395 474 
3 36 135 326 
3 37 247 266 
3 38 414 442 
3 40 42 443 
3 41 80 92 
3 43 349 350 
3 44 86 354 
3 45 358 412 
3 46 261 347 
3 47 328 511 
3 48 198 452 
3 49 63 406 
3 50 60 440 
3 51 146 460 
3 52 269 317 
3 53 291 430 
3 54 172 472 
3 55 385 434 
3 58 484 506 
3 59 346 356 
3 62 183 302 
3 64 224 308 
3 65 115 176 
3 66 142 293 
3 67 388 477 
3 68 182 213 
3 69 209 305 
3 70 272 490 
3 72 109 314 
3 74 165 250 
3 75 252 446 
3 76 295 403 
3 77 369 373 
3 79 195 329 
3 81 231 405 
3 82 420 428 
3 83 108 478 
3 85 313 367 
3 87 158 287 
3 88 139 259 
3 89 238 254 
3 91 202 393 
3 93 319 324 
3 94 278 353 
3 95 220 464 
3 96 331 465 
3 97 303 337 
3 98 230 392 
3 100 310 382 
3 101 264 501 
3 102 307 360 
3 103 167 372 
3 104 131 491 
3 107 137 416 
3 110 433 500 
3 111 276 336 
3 112 260 301 
3 113 282 481 
3 118 233 257 
3 119 263 384 
3 120 174 277 
3 121 248 498 
3 122 294 355 
3 123 371 487 
3 124 166 285 
3 125 130 290 
3 126 429 494 
3 127 194 196 
3 128 151 447 
3 129 181 463 
3 134 145 289 
3 136 241 309 
3 138 153 251 
3 140 168 218 
3 141 197 227 
3 144 212 283 
3 147 380 510 
3 148 253 378 
3 149 387 455 
3 154 298 366 
3 155 215 284 
3 156 192 389 
3 157 255 476 
3 160 190 245 
3 161 228 507 
3 162 342 471 
3 27 163 413 
3 169 234 427 
3 170 189 297 
3 173 214 335 
3 175 249 304 
3 179 339 400 
3 180 262 267 
3 184 325 417 
3 181 185 242 
3 186 281 431 
3 187 450 461 
3 188 296 386 
3 86 193 444 
3 199 216 454 
3 200 344 439 
3 201 342 361 
3 203 348 485 
3 204 362 486 
3 205 311 404 
3 206 483 505 
3 208 292 419 
3 210 236 423 
3 211 396 480 
3 217 438 462 
3 219 415 496 
3 222 368 401 
3 223 323 331 
3 232 279 437 
3 26 235 327 
3 160 239 270 
3 246 351 504 
3 106 265 390 
3 218 268 345 
3 271 449 469 
3 299 364 458 
3 300 453 488 
3 17 306 508 
3 305 312 497 
3 316 365 456 
3 321 334 492 
3 322 429 482 
3 332 391 418 
3 226 333 489 
3 338 441 493 
3 359 409 448 
3 246 370 375 
3 374 398 410 
3 381 397 494 
3 377 383 394 
3 424 473 475 
3 425 457 470 
3 374 436 479 
3 125 292 509 
3 0 404 491 
3 1 203 509 
3 2 35 471 
3 3 291 445 
3 4 503 510 
3 5 346 507 
3 6 130 166 
3 7 62 469 
3 8 47 88 
3 9 41 67 
3 10 267 298 
3 11 221 232 
3 12 127 415 
3 13 197 454 
3 14 50 235 
3 15 69 141 
3 16 87 497 
3 18 372 411 
3 19 77 177 
3 20 61 437 
3 21 214 468 
3 22 123 135 
3 23 68 440 
3 24 333 385 
3 25 52 308 
3 28 205 364 
3 29 82 384 
3 30 311 451 
3 31 138 460 
3 32 228 291 
3 33 36 40 
3 34 217 268 
3 37 65 150 
3 38 46 100 
3 39 78 259 
3 42 71 263 
3 43 191 407 
3 44 209 447 
3 45 313 386 
3 48 230 288 
3 49 131 343 
3 51 144 483 
3 53 102 304 
3 54 146 358 
3 55 79 174 
3 56 151 303 
3 57 95 350 
3 58 122 470 
3 59 81 254 
3 60 236 243 
3 63 190 397 
3 64 312 406 
3 66 240 270 
3 70 192 492 
3 72 147 162 
3 73 188 338 
3 74 366 410 
3 75 99 430 
3 76 119 453 
3 80 140 444 
3 83 307 441 
3 84 234 248 
3 85 153 375 
3 89 383 449 
3 90 274 296 
3 91 93 376 
3 92 323 419 
3 94 173 418 
3 96 266 467 
3 97 142 508 
3 98 108 450 
3 101 257 368 
3 103 339 435 
3 104 109 431 
3 105 336 420 
3 107 183 367 
3 110 314 392 
3 111 322 417 
3 112 161 317 
3 113 167 380 
3 114 169 242 
3 115 334 347 
3 116 145 480 
3 117 255 436 
3 118 265 282 
3 120 231 362 
3 121 283 462 
3 124 196 229 
3 126 330 349 
3 128 289 422 
3 129 363 496 
3 132 351 488 
3 133 320 332 
3 134 170 359 
3 136 287 434 
3 137 250 424 
3 139 244 389 
3 143 251 413 
3 148 215 276 
3 149 316 464 
3 152 493 500 
3 154 176 393 
3 155 315 457 
3 156 264 378 
3 157 405 498 
3 158 180 428 
3 159 168 279 
3 163 379 458 
3 164 272 466 
3 165 245 394 
3 171 198 271 
3 172 237 327 
3 175 438 452 
3 178 224 325 
3 179 290 306 
3 182 186 396 
3 184 193 475 
3 185 213 461 
3 187 210 501 
3 189 200 354 
3 194 262 446 
3 195 302 401 
3 199 204 504 
3 201 258 465 
3 202 356 399 
3 206 474 485 
3 207 426 506 
3 208 281 482 
3 211 256 309 
3 212 326 459 
3 216 318 387 
3 219 285 484 
3 220 233 344 
3 222 352 398 
3 223 365 432 
3 225 324 414 
3 227 487 502 
3 238 297 340 
3 239 421 443 
3 241 260 369 
3 247 299 382 
3 249 301 335 
3 252 381 473 
3 253 280 486 
3 261 277 294 
3 269 395 425 
3 273 402 427 
3 275 370 373 
3 278 388 463 
3 284 412 442 
3 286 361 505 
3 293 391 448 
3 295 472 511 
3 300 329 477 
3 310 345 416 
3 319 357 439 
3 321 400 478 
3 328 371 456 
3 337 455 481 
3 341 355 489 
3 348 360 491 
3 114 353 409 
3 390 479 490 
3 323 403 499 
3 96 408 423 
3 68 433 495 
3 338 370 476 
3 0 264 277 
3 1 110 145 
3 2 100 109 
3 3 167 345 
3 4 118 138 
3 5 215 303 
3 6 237 460 
3 7 115 465 
3 8 127 159 
3 9 39 415 
3 10 56 211 
3 11 162 351 
3 12 356 444 
3 13 238 265 
3 14 247 258 
3 15 280 437 
3 16 150 422 
3 17 204 281 
3 18 89 368 
3 19 76 398 
3 20 27 224 
3 21 359 501 
3 22 35 321 
3 23 445 510 
3 24 106 179 
3 25 184 386 
3 26 105 130 
3 28 251 430 
3 29 67 490 
3 30 199 341 
3 31 84 485 
3 32 253 344 
3 33 156 273 
3 34 141 377 
3 36 353 480 
3 37 389 500 
3 38 329 439 
3 40 152 158 
3 41 288 498 
3 42 191 220 
3 43 120 212 
3 44 201 333 
3 45 117 435 
3 46 53 231 
3 47 205 228 
3 48 75 250 
3 49 71 209 
3 50 132 352 
3 51 59 506 
3 52 233 361 
3 54 213 276 
3 55 92 410 
3 57 143 507 
3 58 332 376 
3 60 221 262 
3 61 140 488 
3 62 314 327 
3 63 193 298 
3 64 260 449 
3 65 182 240 
3 66 135 425 
3 69 418 457 
3 70 381 503 
3 72 181 299 
3 73 82 452 
3 74 131 363 
3 77 91 256 
3 78 216 373 
3 79 94 227 
3 80 336 408 
3 81 433 456 
3 83 144 210 
3 85 235 426 
3 86 121 404 
3 87 173 266 
3 88 312 413 
3 90 293 496 
3 93 185 343 
3 95 249 366 
3 97 103 275 
3 98 294 324 
3 99 316 453 
3 101 278 297 
3 102 202 494 
3 104 189 259 
3 107 241 499 
3 108 154 287 
3 111 177 267 
3 112 289 467 
3 113 302 383 
3 116 218 320 
3 119 214 411 
3 122 255 330 
3 123 151 424 
3 124 301 486 
3 125 282 451 
3 126 347 402 
3 128 146 450 
3 129 431 442 
3 133 427 446 
3 134 374 416 
3 136 147 317 
3 137 284 401 
3 139 217 239 
3 142 192 509 
3 148 295 296 
3 149 364 466 
3 153 175 206 
3 155 219 502 
3 157 160 409 
3 161 198 447 
3 163 187 245 
3 164 165 194 
3 166 176 443 
3 168 391 434 
3 169 180 207 
3 170 286 470 
3 171 226 292 
3 172 225 423 
3 174 290 414 
3 178 380 387 
3 183 269 462 
3 186 203 448 
3 188 272 305 
3 190 350 511 
3 195 322 504 
3 196 306 477 
3 197 311 334 
3 200 367 382 
3 208 318 358 
3 222 307 468 
3 223 326 348 
3 229 399 487 
3 230 236 458 
3 232 390 420 
3 234 268 369 
3 242 396 405 
3 243 274 469 
3 244 407 508 
3 246 271 360 
3 248 441 484 
3 252 365 400 
3 254 283 393 
3 257 279 337 
3 261 385 438 
3 263 285 339 
3 270 300 346 
3 304 342 492 
3 308 319 388 
3 309 375 482 
3 310 417 495 
3 313 335 403 
3 315 328 379 
3 325 428 479 
3 331 371 472 
3 340 397 493 
3 349 378 497 
3 354 429 481 
3 355 362 459 
3 357 384 461 
3 372 455 489 
3 392 394 419 
3 395 421 432 
3 406 463 505 
3 412 474 478 
3 436 464 475 
3 440 471 476 
3 454 473 483 
