6 0 86 172 259 344 431 
6 1 87 173 260 345 432 
6 2 88 174 261 346 433 
6 3 88 175 262 347 434 
6 4 89 176 263 348 435 
6 5 90 177 264 349 436 
6 6 91 178 265 350 437 
6 7 86 179 266 351 438 
6 8 92 180 267 352 439 
6 9 93 181 268 353 440 
6 1 94 182 269 354 441 
6 10 91 183 264 355 442 
6 11 95 184 267 356 443 
6 12 96 185 270 357 444 
6 13 96 186 271 358 445 
6 12 97 187 272 359 446 
6 14 98 188 273 343 434 
6 15 99 189 258 360 444 
6 16 100 190 274 349 399 
6 9 101 191 275 360 431 
6 17 102 181 276 361 447 
6 18 103 192 277 362 448 
6 19 104 193 278 363 449 
6 20 105 194 279 364 450 
6 18 106 172 280 365 451 
6 21 107 195 281 366 452 
6 22 108 188 279 367 453 
6 23 109 182 282 368 388 
6 24 110 196 283 369 454 
6 25 111 171 284 352 455 
6 26 112 197 285 370 456 
6 27 113 183 286 371 457 
6 28 114 185 287 372 458 
6 29 115 198 284 370 459 
6 30 116 199 288 373 452 
6 31 117 200 289 374 460 
6 28 110 201 290 375 461 
6 32 118 196 291 376 462 
6 32 119 202 292 377 463 
6 27 99 203 293 378 436 
6 33 120 204 294 379 464 
6 32 121 195 295 380 465 
6 34 94 205 296 366 433 
6 35 122 189 297 381 465 
6 36 123 182 285 382 447 
6 37 95 176 278 383 466 
6 38 124 192 298 384 467 
6 39 125 206 299 375 468 
6 20 93 175 300 371 469 
6 40 91 207 301 373 470 
6 41 126 208 302 385 471 
6 11 102 209 298 358 472 
6 42 93 210 303 386 473 
6 19 127 211 304 387 446 
6 17 128 212 301 388 474 
6 43 129 213 305 363 407 
6 21 130 214 306 389 451 
6 42 97 215 298 390 475 
6 44 94 216 304 391 472 
6 45 131 217 307 392 462 
6 20 132 218 308 363 444 
6 46 117 187 251 355 434 
6 38 101 219 309 364 476 
6 47 133 220 310 393 477 
6 31 90 216 273 348 478 
6 46 132 221 311 394 479 
6 41 134 222 299 356 480 
6 48 101 197 312 395 473 
6 49 135 223 308 365 473 
6 50 136 224 313 366 481 
6 0 137 225 270 386 482 
6 15 133 226 305 374 427 
6 51 109 227 287 396 483 
6 52 113 228 263 384 470 
6 21 129 192 207 323 483 
6 53 128 202 314 397 484 
6 54 138 218 281 299 475 
6 55 139 212 300 344 485 
6 56 124 211 288 342 443 
6 57 98 228 315 398 474 
6 39 119 229 316 399 454 
6 58 140 230 280 346 486 
6 59 132 231 261 354 487 
6 60 131 232 309 378 470 
6 61 141 180 317 388 437 
6 46 142 214 291 382 430 
6 62 98 220 318 368 460 
6 2 143 220 293 387 488 
6 55 144 191 319 400 489 
6 5 145 195 284 401 469 
6 63 103 193 272 402 445 
6 50 146 233 262 403 479 
6 31 147 203 271 404 490 
6 61 148 234 279 405 478 
6 24 149 189 285 406 491 
6 64 150 170 320 407 463 
6 65 144 174 321 359 429 
6 40 140 204 322 357 492 
6 37 105 235 323 385 493 
6 66 151 236 290 408 429 
6 7 152 234 290 377 448 
6 23 135 217 324 409 438 
6 67 127 237 316 409 414 
6 24 153 179 281 410 435 
6 18 154 203 296 347 484 
6 68 120 199 318 411 494 
6 69 155 238 325 397 487 
6 22 131 174 260 361 495 
6 70 146 178 326 367 435 
6 49 125 219 297 412 458 
6 71 141 239 296 370 465 
6 52 156 214 304 375 496 
6 8 156 240 327 413 497 
6 72 157 241 268 413 498 
6 33 85 210 257 414 459 
6 41 116 175 328 377 499 
6 22 158 242 270 415 481 
6 57 154 218 329 349 500 
6 73 134 200 232 402 501 
6 74 154 201 275 352 502 
6 7 123 242 264 416 503 
6 58 158 237 300 395 463 
6 68 130 232 330 369 504 
6 75 151 229 286 383 439 
6 71 102 221 331 417 462 
6 51 89 187 332 380 502 
6 35 100 225 330 396 430 
6 76 148 243 263 401 504 
6 62 155 205 283 353 432 
6 45 110 233 294 418 460 
6 26 150 216 333 400 483 
6 56 138 240 276 419 428 
6 61 107 244 268 420 484 
6 43 97 245 315 378 464 
6 35 148 211 312 417 493 
6 57 87 246 292 418 505 
6 76 118 200 325 351 456 
6 37 150 201 276 421 482 
6 77 159 226 262 422 447 
6 44 114 243 301 406 471 
6 69 99 247 334 373 441 
6 78 160 229 308 389 506 
6 79 153 248 324 374 457 
6 70 106 210 317 416 505 
6 15 142 249 335 423 501 
6 80 120 177 302 384 432 
6 6 161 239 246 420 443 
6 3 162 247 331 424 500 
6 43 158 184 325 391 479 
6 79 96 241 328 394 451 
6 29 163 179 260 407 496 
6 14 164 181 336 410 486 
6 67 165 191 315 417 468 
6 73 124 250 269 399 488 
6 56 146 198 335 368 458 
6 28 141 199 255 346 507 
6 77 121 190 282 357 498 
6 59 166 196 337 404 507 
6 53 122 251 307 372 450 
6 25 165 244 338 402 508 
6 64 126 252 336 381 428 
6 13 139 234 318 425 491 
6 48 145 222 317 408 491 
6 29 135 253 293 422 467 
6 44 167 194 294 380 509 
6 81 167 183 275 426 477 
6 82 168 221 322 396 508 
6 40 92 253 273 382 449 
6 64 130 254 329 359 503 
6 58 100 205 324 421 446 
6 34 85 193 266 426 510 
6 38 153 246 322 391 501 
6 47 118 219 278 347 497 
6 48 168 233 310 390 510 
6 49 167 249 314 358 489 
6 3 107 223 256 404 455 
6 60 161 206 277 354 503 
6 78 114 226 338 342 449 
6 42 119 217 258 348 492 
6 70 165 251 283 383 471 
6 81 127 227 334 376 480 
6 83 149 250 280 350 453 
6 4 160 239 320 387 475 
6 72 122 207 261 351 511 
6 9 160 242 339 411 485 
6 14 137 250 305 341 461 
6 8 86 194 274 427 441 
6 54 123 252 331 393 490 
6 47 152 230 333 386 452 
6 63 115 236 291 427 437 
6 16 117 255 303 406 510 
6 51 88 248 259 428 461 
6 13 169 253 295 419 442 
6 60 112 209 327 405 507 
6 84 162 235 292 411 495 
6 79 170 188 340 390 485 
6 77 156 245 339 350 487 
6 66 92 173 303 403 489 
6 4 169 172 313 423 493 
6 2 90 240 314 369 481 
6 0 112 244 334 418 466 
6 59 106 254 288 392 466 
6 34 162 212 332 367 413 
6 45 103 252 267 371 494 
6 54 144 204 341 376 455 
6 17 111 248 316 362 499 
6 19 145 186 336 412 500 
6 81 126 245 289 429 506 
6 75 149 256 319 422 476 
6 10 95 231 341 409 495 
6 74 121 209 321 414 457 
6 73 159 241 333 408 492 
6 83 171 206 310 415 509 
6 1 157 168 286 425 459 
6 27 108 257 342 400 454 
6 63 116 228 297 361 488 
6 80 128 231 272 312 505 
6 78 140 222 327 423 502 
6 36 129 257 328 421 506 
6 65 104 224 339 372 480 
6 10 143 215 287 420 497 
6 26 136 215 311 345 474 
6 85 142 161 340 385 494 
6 53 169 208 269 398 440 
6 84 138 185 343 426 511 
6 82 108 202 289 424 431 
6 5 137 238 309 311 490 
6 25 147 224 340 419 476 
6 52 111 230 307 424 445 
6 39 155 180 271 379 508 
6 80 151 213 295 410 456 
6 76 164 178 321 394 468 
6 11 152 227 265 398 504 
6 83 105 186 330 345 498 
6 30 157 249 343 401 448 
6 55 115 190 323 392 509 
6 12 87 256 326 356 440 
6 65 166 225 335 362 442 
6 84 113 197 274 416 433 
6 68 163 237 313 355 439 
6 33 159 176 337 381 415 
6 16 170 223 265 360 469 
6 69 89 198 306 393 486 
6 67 133 173 332 365 450 
6 74 143 208 306 412 438 
6 62 134 213 259 430 472 
6 50 125 177 319 405 477 
6 72 136 236 329 379 453 
6 66 166 247 320 364 511 
6 30 147 184 282 389 482 
6 6 139 238 337 403 499 
6 36 171 255 326 397 467 
6 75 109 254 266 395 478 
6 71 104 258 302 344 496 
6 23 164 235 338 425 436 
6 82 163 243 277 353 464 
