6 0 43 86 131 170 214 
6 1 42 87 132 173 215 
6 2 44 88 133 174 216 
6 3 45 89 134 175 217 
6 4 46 90 128 176 218 
6 5 47 91 135 177 219 
6 1 48 92 131 178 220 
6 6 47 93 136 179 221 
6 7 49 94 137 180 222 
6 8 50 95 138 179 223 
6 9 51 96 139 181 222 
6 10 52 97 140 182 224 
6 11 53 98 112 183 225 
6 12 54 99 141 184 226 
6 9 55 100 142 185 227 
6 12 56 101 143 186 217 
6 13 57 102 144 184 216 
6 14 58 102 145 187 228 
6 15 59 101 145 188 229 
6 16 60 92 146 186 230 
6 17 46 103 147 165 231 
6 18 61 104 132 188 218 
6 18 62 96 148 189 226 
6 19 55 94 149 190 232 
6 20 61 105 150 182 233 
6 21 50 106 137 191 234 
6 22 63 95 151 192 235 
6 23 64 107 152 193 225 
6 24 65 89 153 194 236 
6 11 66 104 154 180 237 
6 25 57 108 155 195 220 
6 26 59 109 156 195 236 
6 27 67 110 157 196 214 
6 28 49 111 158 189 225 
6 17 52 112 135 181 229 
6 0 64 113 135 197 230 
6 20 68 89 138 198 238 
6 19 67 101 129 189 213 
6 27 69 114 155 172 221 
6 21 70 115 146 199 239 
6 15 71 116 139 200 240 
6 20 64 90 142 201 241 
6 28 72 92 144 202 232 
6 29 73 117 143 176 219 
6 2 66 106 157 203 231 
6 30 62 118 159 195 227 
6 5 56 87 153 204 242 
6 31 51 119 143 198 228 
6 21 46 87 160 185 243 
6 32 74 119 136 183 240 
6 32 43 104 141 167 235 
6 7 75 119 150 205 244 
6 32 58 120 161 182 231 
6 33 63 121 152 174 243 
6 31 45 106 162 193 233 
6 34 62 103 134 177 245 
6 18 60 117 163 206 224 
6 8 76 86 100 172 228 
6 35 73 109 138 204 246 
6 24 77 99 146 193 246 
6 36 60 122 149 173 247 
6 7 44 114 151 202 242 
6 23 57 94 132 175 248 
6 22 78 113 156 207 217 
6 37 79 111 127 164 239 
6 24 58 114 160 197 249 
6 22 80 123 130 199 248 
6 31 81 91 164 180 223 
6 38 78 88 160 208 250 
6 38 48 110 139 177 212 
6 39 53 124 150 197 251 
6 40 61 110 158 191 227 
6 15 44 86 165 206 252 
6 6 77 96 156 209 216 
6 3 48 125 130 188 249 
6 26 81 103 141 200 234 
6 14 63 105 131 194 253 
6 37 50 107 140 205 245 
6 33 49 97 109 186 218 
6 39 78 111 163 210 242 
6 35 43 122 155 201 254 
6 13 76 124 148 201 234 
6 41 82 125 164 176 252 
6 29 55 126 140 203 220 
6 28 68 116 159 209 243 
6 25 77 127 129 183 250 
6 35 47 128 166 210 232 
6 29 71 98 162 208 239 
6 3 52 129 167 174 247 
6 37 65 122 147 196 219 
6 14 82 112 137 207 246 
6 4 71 121 161 190 230 
6 40 70 108 133 207 226 
6 8 72 118 161 199 247 
6 9 79 120 133 192 244 
6 16 59 124 168 208 255 
6 13 45 128 151 178 250 
6 41 54 88 149 211 240 
6 34 67 95 169 173 233 
6 2 83 117 168 212 215 
6 0 84 115 166 203 223 
6 4 80 99 158 181 221 
6 41 68 115 148 196 229 
6 38 73 102 165 192 251 
6 17 83 123 144 205 237 
6 19 83 93 170 204 249 
6 1 75 127 166 200 254 
6 10 54 118 162 213 222 
6 40 81 126 169 210 253 
6 34 85 116 154 184 236 
6 27 53 84 171 206 241 
6 10 74 108 153 187 255 
6 36 80 91 145 178 241 
6 26 69 107 163 213 238 
6 5 85 120 168 211 253 
6 42 69 123 159 194 251 
6 25 66 121 170 198 224 
6 11 56 130 142 179 214 
6 39 70 93 134 152 252 
6 12 79 105 172 190 215 
6 30 75 113 157 187 238 
6 16 74 90 169 209 237 
6 33 51 84 147 191 255 
6 42 82 100 136 202 245 
6 30 65 98 167 211 248 
6 6 72 126 171 212 235 
6 36 76 97 154 175 244 
6 23 85 125 171 185 254 
