6 0 171 345 516 689 856 
6 1 172 346 517 690 857 
6 2 173 347 518 691 858 
6 3 174 348 519 692 859 
6 4 175 349 520 693 860 
6 5 176 350 521 694 861 
6 6 177 351 522 695 862 
6 7 173 352 523 696 863 
6 8 178 353 524 697 864 
6 9 179 354 523 698 865 
6 10 180 355 525 699 866 
6 11 181 348 526 700 867 
6 12 182 356 527 701 868 
6 13 183 357 528 702 869 
6 14 184 358 529 703 870 
6 12 185 359 530 704 871 
6 15 186 360 531 705 872 
6 16 187 361 532 672 873 
6 17 188 362 533 706 874 
6 1 178 363 534 707 875 
6 18 189 364 535 708 876 
6 19 190 365 527 709 877 
6 20 190 366 536 710 878 
6 21 191 367 537 711 879 
6 22 192 368 538 712 880 
6 23 193 369 539 713 881 
6 18 194 370 540 664 882 
6 24 195 371 541 636 876 
6 25 196 372 542 714 883 
6 26 197 355 543 715 884 
6 9 198 373 544 716 885 
6 27 199 374 545 717 886 
6 28 200 375 546 718 887 
6 29 196 358 547 719 888 
6 30 201 376 548 720 889 
6 31 202 377 549 691 878 
6 32 203 378 550 719 890 
6 32 204 379 551 721 891 
6 33 205 380 552 722 892 
6 34 206 381 534 723 865 
6 35 207 382 553 719 893 
6 28 208 370 554 698 894 
6 36 209 383 553 724 895 
6 37 210 384 555 725 896 
6 38 211 353 556 726 897 
6 32 192 385 557 727 898 
6 39 212 386 558 722 899 
6 40 213 387 559 697 900 
6 41 214 388 560 728 901 
6 42 215 389 561 729 902 
6 27 216 344 562 703 903 
6 43 217 390 563 730 904 
6 44 218 391 564 713 905 
6 45 219 392 565 731 899 
6 46 220 393 566 732 906 
6 47 221 394 567 733 907 
6 42 222 376 518 734 866 
6 48 216 395 523 735 908 
6 49 223 396 568 736 909 
6 50 224 397 569 737 904 
6 46 225 398 562 738 910 
6 51 226 358 533 708 911 
6 52 227 399 570 696 912 
6 53 192 400 561 739 913 
6 54 228 401 571 740 914 
6 55 229 402 572 721 915 
6 56 230 403 573 741 916 
6 57 231 404 574 698 884 
6 58 232 382 575 711 854 
6 59 179 405 576 704 917 
6 60 233 365 577 742 918 
6 61 234 406 516 724 902 
6 62 235 407 578 743 919 
6 38 236 399 519 744 920 
6 63 237 359 579 745 921 
6 64 238 408 580 746 901 
6 65 239 409 581 747 875 
6 41 240 410 582 707 922 
6 66 232 411 526 723 923 
6 67 241 412 583 733 924 
6 20 242 413 554 748 925 
6 68 243 408 584 737 926 
6 69 218 414 585 715 920 
6 70 244 394 586 749 927 
6 71 245 415 524 750 886 
6 72 246 416 587 751 928 
6 73 247 350 556 648 929 
6 61 210 417 588 705 930 
6 74 248 418 589 697 931 
6 21 249 417 590 752 874 
6 19 250 419 490 753 932 
6 75 251 420 591 754 922 
6 76 252 411 554 755 907 
6 11 253 421 592 754 933 
6 77 254 386 593 756 924 
6 31 255 422 594 735 934 
6 17 256 423 595 757 853 
6 78 245 408 596 758 935 
6 79 190 424 597 759 936 
6 80 198 425 543 746 937 
6 81 248 426 598 722 858 
6 82 257 382 599 760 938 
6 20 258 391 600 731 939 
6 76 259 407 601 761 935 
6 55 260 362 602 762 940 
6 83 261 427 542 763 882 
6 84 262 428 527 667 880 
6 85 226 428 603 764 941 
6 86 263 429 586 759 942 
6 87 238 430 578 762 858 
6 88 264 431 604 765 857 
6 88 223 432 605 766 943 
6 89 234 398 606 767 944 
6 90 265 432 607 768 945 
6 91 247 433 535 769 850 
6 92 249 434 572 770 863 
6 39 266 435 540 771 946 
6 86 184 399 515 772 898 
6 93 215 435 608 773 860 
6 46 213 351 609 747 947 
6 94 184 436 610 774 896 
6 95 203 437 611 775 929 
6 91 267 383 612 736 948 
6 50 268 438 613 710 949 
6 96 219 365 614 776 950 
6 79 220 439 615 688 951 
6 96 256 440 616 777 952 
6 21 269 425 617 701 864 
6 97 171 441 618 778 953 
6 98 270 442 619 779 954 
6 99 267 336 615 695 882 
6 71 271 439 602 729 921 
6 15 272 443 530 780 903 
6 100 197 444 546 781 955 
6 101 238 404 620 782 956 
6 102 273 371 550 710 916 
6 68 188 445 621 783 957 
6 103 266 446 603 784 958 
6 104 197 447 622 717 860 
6 105 274 440 589 785 959 
6 0 275 448 623 748 911 
6 106 213 449 624 704 889 
6 107 276 450 573 758 960 
6 108 268 343 517 786 908 
6 109 271 451 625 730 927 
6 110 199 452 620 771 857 
6 111 277 423 563 732 953 
6 112 251 453 626 743 957 
6 113 180 454 627 787 961 
6 114 278 455 628 788 962 
6 57 279 412 522 721 872 
6 115 280 456 618 734 949 
6 81 281 448 484 789 893 
6 52 282 457 622 751 963 
6 40 191 458 629 790 942 
6 116 263 344 630 791 964 
6 117 283 389 631 792 888 
6 110 220 422 632 793 965 
6 49 284 354 588 794 893 
6 31 285 357 542 795 864 
6 118 261 459 633 665 965 
6 58 286 374 634 767 966 
6 37 246 364 635 743 867 
6 119 258 460 636 796 967 
6 120 279 461 518 797 968 
6 99 253 462 579 798 968 
6 77 236 463 614 695 969 
6 94 287 464 601 768 859 
6 24 288 465 623 795 970 
6 83 289 466 637 769 971 
6 121 290 395 638 782 972 
6 2 291 416 506 799 973 
6 69 262 467 566 800 974 
6 122 196 468 639 756 930 
6 123 225 420 610 733 975 
6 5 273 428 640 801 963 
6 62 292 469 572 790 969 
6 124 293 395 536 707 943 
6 125 205 459 532 802 976 
6 95 206 470 641 803 880 
6 93 276 471 642 794 971 
6 126 294 470 619 644 919 
6 61 295 392 575 804 915 
6 91 296 388 570 764 977 
6 93 297 422 643 805 881 
6 23 298 472 644 806 933 
6 102 233 445 645 804 978 
6 41 203 352 646 807 967 
6 24 229 444 647 744 979 
6 127 299 450 638 808 940 
6 70 292 369 633 739 980 
6 128 182 473 522 725 895 
6 129 235 396 631 742 960 
6 130 300 430 648 805 913 
6 94 283 350 617 809 968 
6 73 260 460 583 810 981 
6 7 194 474 617 776 982 
6 33 301 419 624 702 983 
6 22 302 475 560 799 966 
6 18 293 476 649 811 885 
6 131 183 464 650 808 984 
6 78 257 432 651 812 897 
6 97 303 380 591 813 939 
6 51 294 477 652 690 978 
6 56 284 478 653 811 873 
6 132 218 390 654 714 900 
6 117 210 410 655 814 963 
6 101 304 366 548 815 971 
6 57 207 364 656 816 985 
6 133 305 466 576 726 902 
6 90 202 479 657 807 927 
6 134 306 436 658 817 866 
6 135 307 480 625 818 896 
6 101 287 368 575 806 906 
6 136 231 403 639 709 947 
6 137 233 481 630 787 861 
6 22 275 482 649 819 923 
6 138 290 460 659 720 959 
6 139 241 480 623 668 946 
6 139 300 457 660 820 964 
6 109 250 483 594 821 895 
6 8 308 475 547 700 910 
6 113 309 349 661 822 986 
6 45 272 433 662 823 987 
6 140 277 484 571 802 876 
6 35 299 458 521 824 974 
6 141 310 329 534 678 973 
6 142 311 485 624 825 924 
6 119 307 396 634 718 900 
6 98 312 378 544 776 988 
6 143 313 478 597 728 989 
6 124 181 447 584 774 899 
6 43 274 486 663 700 990 
6 144 269 404 608 821 905 
6 143 265 441 637 750 991 
6 138 243 487 664 703 928 
6 145 249 488 657 738 989 
6 146 314 471 532 800 862 
6 67 209 418 590 826 869 
6 7 315 345 665 827 959 
6 98 242 441 530 741 915 
6 81 270 351 621 828 941 
6 147 241 489 644 769 992 
6 44 288 473 514 738 993 
6 35 221 357 517 785 994 
6 26 211 490 633 798 967 
6 103 295 381 666 681 995 
6 148 289 394 551 829 870 
6 149 316 398 611 750 996 
6 120 317 491 640 830 934 
6 133 189 385 579 784 901 
6 150 271 407 622 786 883 
6 37 318 463 580 831 997 
6 64 195 492 627 832 887 
6 151 312 427 590 737 998 
6 152 319 402 632 772 948 
6 153 320 415 507 817 922 
6 141 224 384 608 760 999 
6 136 260 377 514 812 870 
6 125 318 493 589 723 940 
6 144 185 444 606 828 914 
6 56 321 427 558 833 1000 
6 59 322 451 642 809 910 
6 135 240 446 609 724 1001 
6 43 323 443 599 792 856 
6 70 230 448 667 773 869 
6 79 315 494 551 757 930 
6 105 229 495 642 699 943 
6 154 324 393 668 720 991 
6 137 317 397 564 834 977 
6 64 325 401 665 741 1002 
6 148 251 389 669 799 995 
6 155 178 345 577 797 979 
6 137 278 442 538 835 888 
6 72 303 452 533 753 993 
6 156 172 391 535 836 935 
6 132 281 425 605 787 906 
6 53 298 445 610 833 856 
6 133 263 488 593 837 938 
6 129 270 462 663 795 999 
6 157 326 431 537 832 871 
6 85 327 496 645 816 873 
6 116 240 472 607 773 951 
6 60 257 426 625 775 998 
6 156 181 497 630 838 958 
6 29 328 367 614 820 1001 
6 58 312 471 529 839 972 
6 158 301 375 588 783 942 
6 15 329 465 521 728 894 
6 159 320 498 620 778 944 
6 48 300 392 615 803 975 
6 6 215 346 565 692 718 
6 153 205 356 656 688 973 
6 3 330 437 573 840 932 
6 120 206 367 612 833 936 
6 128 187 464 581 841 961 
6 123 302 499 647 753 961 
6 102 239 500 638 826 938 
6 129 331 496 629 699 913 
6 28 199 409 670 829 919 
6 44 328 375 671 842 1002 
6 14 175 479 606 830 950 
6 110 186 501 570 810 945 
6 89 217 490 596 734 861 
6 100 305 343 640 731 1003 
6 160 316 430 576 673 979 
6 161 254 371 672 803 982 
6 77 332 450 600 749 986 
6 48 321 475 571 713 1004 
6 25 333 433 621 817 1005 
6 158 334 361 598 843 1006 
6 107 320 347 654 716 983 
6 47 323 481 673 740 931 
6 49 332 502 587 727 1007 
6 29 171 503 578 765 912 
6 162 221 388 516 791 1008 
6 118 335 412 674 788 937 
6 63 335 434 564 767 957 
6 40 305 498 520 819 985 
6 158 227 378 592 844 1004 
6 87 286 477 528 781 946 
6 147 274 354 675 845 878 
6 13 314 397 676 766 981 
6 97 299 405 662 755 852 
6 114 201 495 592 824 936 
6 38 295 473 643 802 1009 
6 159 259 440 550 818 987 
6 34 228 504 664 800 912 
6 60 297 379 559 846 1008 
6 99 276 456 583 842 892 
6 163 202 387 511 777 948 
6 80 308 446 595 662 1010 
6 164 216 356 677 781 909 
6 106 336 505 678 712 897 
6 141 282 494 675 770 983 
6 75 211 476 639 830 1007 
6 155 318 449 605 763 925 
6 66 322 491 596 847 999 
6 42 321 458 679 744 855 
6 121 297 492 641 761 1001 
6 54 280 506 543 826 1011 
6 165 334 486 539 848 885 
6 161 302 424 635 651 1003 
6 74 194 499 513 729 933 
6 124 337 442 650 821 887 
6 96 331 401 668 843 859 
6 142 239 507 569 694 1002 
6 51 177 451 558 770 952 
6 47 269 348 652 849 987 
6 73 338 484 555 777 1012 
6 3 264 380 555 735 980 
6 166 245 508 666 780 867 
6 122 222 434 505 822 903 
6 144 339 423 593 850 890 
6 167 212 373 556 808 1013 
6 150 174 500 612 848 1014 
6 126 189 454 569 813 868 
6 164 317 436 531 844 1015 
6 78 328 489 557 732 985 
6 59 193 497 680 782 877 
6 139 306 387 600 849 995 
6 149 253 409 651 839 905 
6 168 304 493 653 774 1014 
6 154 254 509 526 779 921 
6 4 324 510 670 714 962 
6 148 301 509 674 823 997 
6 142 265 346 629 745 934 
6 140 255 495 587 764 984 
6 9 170 342 661 760 874 
6 152 244 461 582 828 991 
6 14 330 424 681 836 855 
6 92 331 452 613 846 1010 
6 8 262 456 601 706 1016 
6 151 176 355 582 836 923 
6 100 209 437 682 687 956 
6 118 214 413 681 751 1005 
6 54 311 429 510 754 909 
6 85 234 469 544 684 889 
6 83 252 363 627 792 1012 
6 127 282 359 547 796 1008 
6 107 200 481 626 768 976 
6 16 174 406 683 831 918 
6 63 176 511 598 829 984 
6 130 252 340 684 752 945 
6 13 340 421 609 715 1015 
6 135 303 508 567 712 1000 
6 45 313 347 647 727 881 
6 134 256 414 628 819 976 
6 119 226 400 574 837 1004 
6 65 185 482 631 785 891 
6 114 307 360 667 851 990 
6 163 308 493 677 840 970 
6 167 335 512 597 765 1017 
6 168 208 457 591 790 998 
6 34 337 377 684 798 1017 
6 82 236 482 549 834 1018 
6 4 231 462 658 804 992 
6 122 232 474 683 739 1011 
6 157 288 513 682 822 875 
6 2 341 455 545 813 988 
6 0 212 421 641 845 997 
6 161 285 414 661 810 958 
6 157 204 340 539 835 952 
6 151 323 439 581 852 1007 
6 86 255 411 654 689 929 
6 84 334 341 584 793 992 
6 19 342 511 561 740 1019 
6 17 227 505 536 725 994 
6 115 309 487 538 853 925 
6 117 280 426 680 850 965 
6 134 246 373 682 745 907 
6 88 237 381 541 706 947 
6 167 311 360 557 838 1020 
6 169 341 512 636 786 931 
6 132 243 466 552 824 975 
6 10 277 406 660 701 865 
6 112 336 390 603 843 956 
6 168 343 443 643 766 1006 
6 143 217 368 677 756 917 
6 92 298 353 656 755 1017 
6 27 327 483 585 763 990 
6 90 333 384 545 827 1018 
6 106 195 369 529 778 872 
6 112 279 447 657 853 974 
6 146 235 499 685 784 949 
6 1 338 486 686 834 916 
6 80 294 402 520 815 928 
6 103 248 502 637 835 955 
6 53 310 418 585 794 1009 
6 145 291 403 616 676 1013 
6 36 275 504 565 746 883 
6 111 223 370 645 762 954 
6 162 304 510 541 823 1018 
6 163 200 469 604 854 926 
6 121 175 467 567 783 970 
6 26 333 513 548 761 898 
6 162 177 476 687 772 1021 
6 95 292 501 663 708 871 
6 10 326 468 659 801 1000 
6 169 179 393 650 844 892 
6 52 230 454 562 711 1022 
6 128 198 438 679 749 996 
6 65 306 352 552 838 954 
6 123 237 497 553 827 969 
6 108 222 502 648 748 868 
6 138 339 478 528 692 879 
6 116 342 468 580 809 955 
6 156 319 496 618 726 966 
6 76 191 455 680 840 978 
6 5 293 489 669 752 914 
6 25 187 480 646 759 953 
6 155 286 514 525 716 951 
6 131 188 435 560 801 920 
6 39 259 479 671 747 937 
6 55 344 453 649 702 1023 
6 104 284 379 628 847 1016 
6 140 329 477 674 846 926 
6 126 219 459 686 791 917 
6 165 180 491 670 796 989 
6 68 332 501 525 818 1014 
6 130 330 485 563 717 862 
6 108 228 483 646 806 1015 
6 11 310 498 659 775 977 
6 69 264 376 619 837 1019 
6 153 258 417 594 788 1021 
6 30 193 507 595 812 863 
6 111 296 438 492 797 962 
6 154 268 400 537 757 944 
6 146 247 508 546 709 986 
6 160 242 500 669 696 993 
6 115 225 372 686 736 972 
6 12 324 363 635 691 1022 
6 105 224 413 566 841 1010 
6 67 172 515 685 831 1023 
6 74 325 405 549 814 1020 
6 164 281 494 685 805 1021 
6 33 273 504 632 855 1022 
6 150 313 449 574 842 982 
6 87 278 383 586 845 1020 
6 170 337 415 687 851 1009 
6 16 325 453 658 771 890 
6 62 182 487 607 847 1013 
6 169 283 470 676 816 1005 
6 113 201 503 655 730 1023 
6 66 272 467 568 820 996 
6 145 296 419 652 814 886 
6 160 285 472 653 832 950 
6 136 322 410 613 825 988 
6 50 173 420 671 780 911 
6 89 314 429 678 848 1016 
6 72 267 509 577 851 884 
6 84 207 485 602 689 849 
6 152 287 431 675 742 1003 
6 75 186 339 679 789 1011 
6 170 289 465 616 683 939 
6 127 250 461 540 854 1006 
6 82 319 512 660 779 932 
6 165 266 366 673 705 1012 
6 30 183 463 611 793 894 
6 147 309 374 519 852 941 
6 71 214 349 604 789 891 
6 6 326 416 599 807 877 
6 36 290 361 524 825 964 
6 149 261 362 531 693 918 
6 159 244 372 666 811 981 
6 166 327 386 655 839 1019 
6 131 315 488 568 815 904 
6 125 204 503 634 694 908 
6 23 208 506 672 758 994 
6 104 316 474 688 690 960 
6 109 338 385 626 693 879 
6 166 291 515 559 841 980 
