0000000000000000000000000000000000000000000000000000000000000000000000000000000000000000000000000000000000000000000000000000000101110110001111111011011100111110111010011100100111001111001001110111000101111100101011101011000001010110100111011110100100011001
0000000000000000000000000000000000000000000000000000000000000000000000000000000000000000000000000000000000000000000000000000001000100011100110101101000011110111110110101111000000010101111011011100101000101000011101001011011010100101001011110110101101100001
0000000000000000000000000000000000000000000000000000000000000000000000000000000000000000000000000000000000000000000000000000010001110101110100100000100101101010011010110011011001011010001011110100010111110101001000000110001101111001110110011000011101100000
0000000000000000000000000000000000000000000000000000000000000000000000000000000000000000000000000000000000000000000000000000100001011111110000011000110111011010001011111101000110001100110101000011100110100101101100110001111000110010000000011011111100101111
0000000000000000000000000000000000000000000000000000000000000000000000000000000000000000000000000000000000000000000000000001000001101101110100001111000011101100001010010010001010000010011110010100110011101010010000111011010111001101101011000111010001000011
0000000000000000000000000000000000000000000000000000000000000000000000000000000000000000000000000000000000000000000000000010000011011010010111101000001010100111101010100100110111110010100111010010111101001011110010110011101000010011101001010101011100001001
0000000000000000000000000000000000000000000000000000000000000000000000000000000000000000000000000000000000000000000000000100000000001001011011001110110111100011010110111110111010110100111101010010001001011010001111000111100011000010110001101010010101110111
0000000000000000000000000000000000000000000000000000000000000000000000000000000000000000000000000000000000000000000000001000000000011011100010001011000001001111111010011111011101001101001110001011001110101111100110110101000111001101100110110111110111101111
0000000000000000000000000000000000000000000000000000000000000000000000000000000000000000000000000000000000000000000000010000000000101101100000110000111010110101110010111010000100010011011000101101100110000000011100000110101111110111001010100000000101101110
0000000000000000000000000000000000000000000000000000000000000000000000000000000000000000000000000000000000000000000000100000000001110100111100110101100111111011101100101100110011110101011000110100100011111011100000110011111000011110000100011101111110010011
0000000000000000000000000000000000000000000000000000000000000000000000000000000000000000000000000000000000000000000001000000000001000110100011001011010011001011000100000011000001010010111100111001101001001110010110011110101100101110110101110000100111111100
0000000000000000000000000000000000000000000000000000000000000000000000000000000000000000000000000000000000000000000010000000000010111000111100000110011000000100010111111010001110000000110001101011101110101111101101101110010110011100101001100001101010111101
0000000000000000000000000000000000000000000000000000000000000000000000000000000000000000000000000000000000000000000100000000000000100011001011100111001001000111110111001000010110010000110010100100101111101100000100100010011000100000011001110011011010000010
0000000000000000000000000000000000000000000000000000000000000000000000000000000000000000000000000000000000000000001000000000000000110011100010100110101000110110010001011010100000101111100110010010000001100110111101011100010011100110011010110110101101000100
0000000000000000000000000000000000000000000000000000000000000000000000000000000000000000000000000000000000000000010000000000000000101111111111001001010001010001110000110010010101111000101111001010011001011111111011101101000111111011110100111101101011001011
0000000000000000000000000000000000000000000000000000000000000000000000000000000000000000000000000000000000000000100000000000000000000010001110111001111111100100011011110000001101010111100111111100100100011100001010110010001001000010111100001000111100011000
0000000000000000000000000000000000000000000000000000000000000000000000000000000000000000000000000000000000000001000000000000000010101111000100011101011010111100100100010000011001001101010101101010000101011111010110100011000010101111101001011100110101110111
0000000000000000000000000000000000000000000000000000000000000000000000000000000000000000000000000000000000000010000000000000000001000010101110110111101010001101011011010010100110010110111111000100101000000000000110001010001110100000010001101010001000111110
0000000000000000000000000000000000000000000000000000000000000000000000000000000000000000000000000000000000000100000000000000000010111001001111111101011010001010100111001010101100010010011000000010111000011010010100110111010111101110100011010001101001011001
0000000000000000000000000000000000000000000000000000000000000000000000000000000000000000000000000000000000001000000000000000000000000001011001111000111111110011000000001101101101111110100111100100101000111101100010111010111110100111110110100000010101100010
0000000000000000000000000000000000000000000000000000000000000000000000000000000000000000000000000000000000010000000000000000000001011110001000000010110001101000110001100001101011110000101100011101110010110111000101110000101111111110010110010011010100001110
0000000000000000000000000000000000000000000000000000000000000000000000000000000000000000000000000000000000100000000000000000000001110000001111110100001001100111010100100100011010011101010111011110101101110100010100011011101101011010001000000001101001111110
0000000000000000000000000000000000000000000000000000000000000000000000000000000000000000000000000000000001000000000000000000000001010100001001111000000101101011101001110111000010011010001000000010010100010000100110001110010000001101010100010001001110101100
0000000000000000000000000000000000000000000000000000000000000000000000000000000000000000000000000000000010000000000000000000000001010000101010111010011101111010100001101000011001001100100001111100100111110101001010000010010011011101100010010011111100010100
0000000000000000000000000000000000000000000000000000000000000000000000000000000000000000000000000000000100000000000000000000000001111101001100011010011111110100001111100111000011010010100011101001110001100111110101111001001101001110011101011001111101100011
0000000000000000000000000000000000000000000000000000000000000000000000000000000000000000000000000000001000000000000000000000000010111010000011100111100101011100101000000001110010011101011101101011000111110001000100110010011001000011110110001010111000000000
0000000000000000000000000000000000000000000000000000000000000000000000000000000000000000000000000000010000000000000000000000000000011010000111101101110011111101011101011100101110010010111101011110110100101001010111110001010110010110001100001010000101100000
0000000000000000000000000000000000000000000000000000000000000000000000000000000000000000000000000000100000000000000000000000000000001000010011011010111000000111000110001110010001110011010011011000101001011101010010100010000011100100100100001001101011000001
0000000000000000000000000000000000000000000000000000000000000000000000000000000000000000000000000001000000000000000000000000000010010001101001011101011110000011000110001001011100010011111010011101001110111010010011000010101100100000001111010010011100000100
0000000000000000000000000000000000000000000000000000000000000000000000000000000000000000000000000010000000000000000000000000000000000110100011100101000111100010000100000001101010011011100000000001110101011010011010100110101000001100011100010110010011011010
0000000000000000000000000000000000000000000000000000000000000000000000000000000000000000000000000100000000000000000000000000000000110100100000100001111001000011011111000100010000010111111000000100100101111000110110101110100101000010100100010111100010101110
0000000000000000000000000000000000000000000000000000000000000000000000000000000000000000000000001000000000000000000000000000000000110100110110101111001011010001100011011010101000010011111010101110000010010110010000001000000001101101111011011110111100101010
0000000000000000000000000000000000000000000000000000000000000000000000000000000000000000000000010000000000000000000000000000000010011010101100111011111001000001001001110100100010000111000011111010000010101001101010111111000010010110011001101001010010011100
0000000000000000000000000000000000000000000000000000000000000000000000000000000000000000000000100000000000000000000000000000000000101111010100100001100100000000111011001001110110110011111111001100010010100110110011100010100011000111000110110111001010000111
0000000000000000000000000000000000000000000000000000000000000000000000000000000000000000000001000000000000000000000000000000000010111000001010100101101101010111001100110110110011001010100001000100010011000010101110000010111000010110100000111000011001010101
0000000000000000000000000000000000000000000000000000000000000000000000000000000000000000000010000000000000000000000000000000000001111000011001101010111000100001011101010001110100111011100100110110111101011010111011001100101111001100000100111111111101110011
0000000000000000000000000000000000000000000000000000000000000000000000000000000000000000000100000000000000000000000000000000000010010011100011101001101111001011101000101011100100100011110101001111100111101100010001101011001010011001110110111011011011000010
0000000000000000000000000000000000000000000000000000000000000000000000000000000000000000001000000000000000000000000000000000000000101100100001011100101110010001001010110100011111010100011110111000000010100001111100110110010100101011111001011011101000010101
0000000000000000000000000000000000000000000000000000000000000000000000000000000000000000010000000000000000000000000000000000000011110001111001111110100011011001100110110101010010110100011001010111011010001100101000001110011111111000101000101110010010001001
0000000000000000000000000000000000000000000000000000000000000000000000000000000000000000100000000000000000000000000000000000000000011000110110101010011011010011101000001010111111111010110101000111011100011000001101111110111101111101111101001111111110000001
0000000000000000000000000000000000000000000000000000000000000000000000000000000000000001000000000000000000000000000000000000000011111010110101001011111010111001100111110001011111000001101000100010001000000010111001001101111000000001010001001101010110011011
0000000000000000000000000000000000000000000000000000000000000000000000000000000000000010000000000000000000000000000000000000000010100110000000110100100010101111011000001011100000011101011001001110011100001110111001000110011110101100001010100001101100111110
0000000000000000000000000000000000000000000000000000000000000000000000000000000000000100000000000000000000000000000000000000000010011001111000000101110111110011101101110111000001111001101100001110000000001111110111100000000011100110001100101101110101011000
0000000000000000000000000000000000000000000000000000000000000000000000000000000000001000000000000000000000000000000000000000000000001101111000000001010110010110110100110111001100001001110000111101000110110010111000110010010110111101001110101111000000111001
0000000000000000000000000000000000000000000000000000000000000000000000000000000000010000000000000000000000000000000000000000000010111001110001011110110110100000110000111011011110110111111110000110100011011101000100011110011101001101100000111010110000110010
0000000000000000000000000000000000000000000000000000000000000000000000000000000000100000000000000000000000000000000000000000000011110001100101001001011000100110100000001100100110011110010101011110100000100100100010100110010011101010010011011100010101100010
0000000000000000000000000000000000000000000000000000000000000000000000000000000001000000000000000000000000000000000000000000000010111110111010111010001001100101101010001101000011101100001100011010111001110000100110001001011001101000101101100100101111110100
0000000000000000000000000000000000000000000000000000000000000000000000000000000010000000000000000000000000000000000000000000000010111010101110110011010011000111001111000000011101101001101000101101110011101001011101100011000111000011110000110101111110111000
0000000000000000000000000000000000000000000000000000000000000000000000000000000100000000000000000000000000000000000000000000000011000111110100111101000111011100111001110010001101000101111011110100011111010001101011111101100100010101011010001000110011010110
0000000000000000000000000000000000000000000000000000000000000000000000000000001000000000000000000000000000000000000000000000000011011110010000001111111001110111011010011101011101011101010010000011110101100010100111111010101010111010000000110111111000000001
0000000000000000000000000000000000000000000000000000000000000000000000000000010000000000000000000000000000000000000000000000000000010111100000111110111010011101110110001101001000101101011111111010010100001110111100111001100010110010001010100101001000000110
0000000000000000000000000000000000000000000000000000000000000000000000000000100000000000000000000000000000000000000000000000000010011100000011110100110100010010001100001111001011010111111101110011101100000000101010111010110001010110001110010011011111011101
0000000000000000000000000000000000000000000000000000000000000000000000000001000000000000000000000000000000000000000000000000000001001001000011010110001000010010000010100111100110100110110100000101100010100110101101001111010101100001001101011000100111100011
0000000000000000000000000000000000000000000000000000000000000000000000000010000000000000000000000000000000000000000000000000000010000101000011100101110111101100101001110001011011010011011101011010101111111000100000010010111011100011100000100100111001001101
0000000000000000000000000000000000000000000000000000000000000000000000000100000000000000000000000000000000000000000000000000000000000011101100000101110111100010110001110000000100011001000110010000101000111010111101101110001101001011001001101100110111110000
0000000000000000000000000000000000000000000000000000000000000000000000001000000000000000000000000000000000000000000000000000000010010010100011010010111000101110011011010110110110011011001100101101011110101111001000011011101010011110000100011100111101101010
0000000000000000000000000000000000000000000000000000000000000000000000010000000000000000000000000000000000000000000000000000000011001011101001001111011000111110100100101001101101010011111110100010001001100100000110011001110011010100101101101111000110001110
0000000000000000000000000000000000000000000000000000000000000000000000100000000000000000000000000000000000000000000000000000000001011011011010011011101111010000101100010110100010111001101100000001001010111110101001001111011110110000100001010100000000001011
0000000000000000000000000000000000000000000000000000000000000000000001000000000000000000000000000000000000000000000000000000000010110001111011000100011011100000000010101110101010001010110010000011011010101111010000010110101101000011111101010110010111011111
0000000000000000000000000000000000000000000000000000000000000000000010000000000000000000000000000000000000000000000000000000000011111011011111101001011101111101101011101101111000110001000001000010011011011101000010010100010011101101110001010100111100001100
0000000000000000000000000000000000000000000000000000000000000000000100000000000000000000000000000000000000000000000000000000000011011100001111001001011100001110001000111100100000001000101100010101101001000111000000101101110010001110010111010001000110011100
0000000000000000000000000000000000000000000000000000000000000000001000000000000000000000000000000000000000000000000000000000000010100110000011101011000001101001000100010010100110001100110100101001111011110101111110110101001111001100100000001011111111000100
0000000000000000000000000000000000000000000000000000000000000000010000000000000000000000000000000000000000000000000000000000000000100101100000011000100101101010011010101101110000101011110101001100110000010011110111000011011001101010011000100000110100010001
0000000000000000000000000000000000000000000000000000000000000000100000000000000000000000000000000000000000000000000000000000000001000000000101110111000111010010000011100000100111010110111011001101110100011001100100011100111100001001110001111110000001101110
0000000000000000000000000000000000000000000000000000000000000001000000000000000000000000000000000000000000000000000000000000000001111011111110110110101010011111111000111000000110011001110010100001111010001011111000100000111001000110010101101010101111010001
0000000000000000000000000000000000000000000000000000000000000010000000000000000000000000000000000000000000000000000000000000000011101111101111011000000111011110010100110001110101001001101111010100101111101000111101100010100111010000111001000101100000001001
0000000000000000000000000000000000000000000000000000000000000100000000000000000000000000000000000000000000000000000000000000000001101011101001000101001110011111010001010110110001011100011110110111111010111100010101011010101100000000010111101111111011101110
0000000000000000000000000000000000000000000000000000000000001000000000000000000000000000000000000000000000000000000000000000000001000000000011111101110101000000111111111110011111010010111001100001010011110111000010101010011001100110101110110111011111101010
0000000000000000000000000000000000000000000000000000000000010000000000000000000000000000000000000000000000000000000000000000000011000000101011111100000111001011100010001111101101101110111011001100010011110000000011110111010011010000010000100000011010101100
0000000000000000000000000000000000000000000000000000000000100000000000000000000000000000000000000000000000000000000000000000000000010011010110010010000000100101011011111011011011010101100100011011101100011010100010010100111101100000111000100000001001101000
0000000000000000000000000000000000000000000000000000000001000000000000000000000000000000000000000000000000000000000000000000000010111011011111100111001001010100101011001111010011110000011001111010000111001001001110101100010110001111011100110010001000101010
0000000000000000000000000000000000000000000000000000000010000000000000000000000000000000000000000000000000000000000000000000000010101010101110011100110101000001001111100001001010110001111101001101011111110110000101011110011101110111011101101010110010011011
0000000000000000000000000000000000000000000000000000000100000000000000000000000000000000000000000000000000000000000000000000000000000111011011100100011010011111111110010110111100001100000101101011010110000000111001110011010111110101100111010101010010111001
0000000000000000000000000000000000000000000000000000001000000000000000000000000000000000000000000000000000000000000000000000000001111010110001000000000001000001011110101101111111000011001111100100100101010001000001011111101011101001101011110010101011110011
0000000000000000000000000000000000000000000000000000010000000000000000000000000000000000000000000000000000000000000000000000000011111010101011110001110110110001111110011001110011111010110111111000011010111000110101111011110110001111111011111101101000011000
0000000000000000000000000000000000000000000000000000100000000000000000000000000000000000000000000000000000000000000000000000000000101011011011000001000100000000001110111000011000110001011000011101011111000110010100101010000010000000010011001101101110101001
0000000000000000000000000000000000000000000000000001000000000000000000000000000000000000000000000000000000000000000000000000000000010000000011101100001110010111110111111000011000101011001011101111111110111100111111001011111100010001101111100100101110101100
0000000000000000000000000000000000000000000000000010000000000000000000000000000000000000000000000000000000000000000000000000000011110100000000100110100101010011111011101011110001111001011101110001010011010000101100011101000001011000101000101110110111110100
0000000000000000000000000000000000000000000000000100000000000000000000000000000000000000000000000000000000000000000000000000000001011000110110001000000110000110011011101001100110110010010000000011111010011100000010000000111010100111010101100000000000000001
0000000000000000000000000000000000000000000000001000000000000000000000000000000000000000000000000000000000000000000000000000000000100010011100000000111010100111011111010111111010001110101111100010110100001001001001100110001000100001011110001101110111000011
0000000000000000000000000000000000000000000000010000000000000000000000000000000000000000000000000000000000000000000000000000000010101011101001000100000010011000100100011101010101101001110100001011110100101110111111101011110010101111010110000011000010010111
0000000000000000000000000000000000000000000000100000000000000000000000000000000000000000000000000000000000000000000000000000000011110101000100001111011101000000000110110000101000101101010001010101001010000001000011111000011101011011001011100011101110111101
0000000000000000000000000000000000000000000001000000000000000000000000000000000000000000000000000000000000000000000000000000000011010010011001101001010011101010000010100000011111001101110010110010000000010111000000111101001010011110011101010001101011111111
0000000000000000000000000000000000000000000010000000000000000000000000000000000000000000000000000000000000000000000000000000000011001111101100010110001011111100111101011000101000010001000011011110010100011011000000100110101100110011000110111101010001111010
0000000000000000000000000000000000000000000100000000000000000000000000000000000000000000000000000000000000000000000000000000000001100110101100001101100001110011001101100111010011011101100011101000011011001100001010010000111100100110101001010110010010111100
0000000000000000000000000000000000000000001000000000000000000000000000000000000000000000000000000000000000000000000000000000000010000101100101000110000010111110110010111101100110011001001101110101010011011101100011111110010101101001101001111101010010100101
0000000000000000000000000000000000000000010000000000000000000000000000000000000000000000000000000000000000000000000000000000000011000110001000011101000000101001100110001110000111110101011001001101100110101010011001010001111011010100001100110110001001110110
0000000000000000000000000000000000000000100000000000000000000000000000000000000000000000000000000000000000000000000000000000000010011100010001000110011011001010101010010110101100011100001011001010010011001110110011011101000100100111111000011011000100100011
0000000000000000000000000000000000000001000000000000000000000000000000000000000000000000000000000000000000000000000000000000000001100100101101010010000011000010000000111001110100011110101011001000000100111011010000111010110001111011000100110001110011111001
0000000000000000000000000000000000000010000000000000000000000000000000000000000000000000000000000000000000000000000000000000000010110011110101111101100100100100011001011110100111011101010101111111111010110011011010100100100100000001000001011111101011000111
0000000000000000000000000000000000000100000000000000000000000000000000000000000000000000000000000000000000000000000000000000000010110001111011000110011011100010000010101110101010001010110010000011011010101101010000010110100101000011111101010110010111011111
0000000000000000000000000000000000001000000000000000000000000000000000000000000000000000000000000000000000000000000000000000000011000101110010000100111000111000100010000010000000010000011100001000111011001101100001001111101101110111100110000000001111001110
0000000000000000000000000000000000010000000000000000000000000000000000000000000000000000000000000000000000000000000000000000000001001000010000100110001101000111111001110000001110100001101010111001110010101010010000001000011010000000001010111110110100101011
0000000000000000000000000000000000100000000000000000000000000000000000000000000000000000000000000000000000000000000000000000000010110001100011000100001110100111110110110101001111000100100101011110001010000000010110111100011110100001000100110011011011110011
0000000000000000000000000000000001000000000000000000000000000000000000000000000000000000000000000000000000000000000000000000000000111101111111100011101111101001111110001011010101010011101100110001000001011111001101111100101101111111001001000101011011110000
0000000000000000000000000000000010000000000000000000000000000000000000000000000000000000000000000000000000000000000000000000000011011010100000111111100111011001101000001100001010000101000001001010000101001010111100100100011101111000111011100011111100100001
0000000000000000000000000000000100000000000000000000000000000000000000000000000000000000000000000000000000000000000000000000000000100000100111100010111110100111000110111000010010001001110100110100000111000110111001001100010101101011010000011111111101110010
0000000000000000000000000000001000000000000000000000000000000000000000000000000000000000000000000000000000000000000000000000000010010010100011000010111000101010011011010110110110011011001100101101011110001111001000011011101010011110000100011100011101101010
0000000000000000000000000000010000000000000000000000000000000000000000000000000000000000000000000000000000000000000000000000000011111000001011101001110000000000110101110011001101111100011000110000001001000010111011000101100000110010110111011000101011001010
0000000000000000000000000000100000000000000000000000000000000000000000000000000000000000000000000000000000000000000000000000000001110100100101010010111110010001011100100100110111000001000011001011010001100001010010100010011001001011010101101001100011000000
0000000000000000000000000001000000000000000000000000000000000000000000000000000000000000000000000000000000000000000000000000000010111001110001011110110110110000110000111111011110100111111110000110100011011101000100011110011101001101100000111010110100110010
0000000000000000000000000010000000000000000000000000000000000000000000000000000000000000000000000000000000000000000000000000000010011110100001111110110110100011010011101110000110011110010011010001100001000111000110100111111100101110000110110011001110100010
0000000000000000000000000100000000000000000000000000000000000000000000000000000000000000000000000000000000000000000000000000000000001000110100111001000001101010100001100100000110011000101010000000100010110101000100100001111010101101011110010111111110000110
0000000000000000000000001000000000000000000000000000000000000000000000000000000000000000000000000000000000000000000000000000000000101101111000100100010011100010001010111001110010101010111001011100101010011100001110001100101010001100001111011011111101110111
0000000000000000000000010000000000000000000000000000000000000000000000000000000000000000000000000000000000000000000000000000000001010101101111101100101100001101011110001001101010110110100010010010011111100111100011011000110100110000010010100001011101101111
0000000000000000000000100000000000000000000000000000000000000000000000000000000000000000000000000000000000000000000000000000000001010111100101111101111010001001011000000111000110000011001110010000111100101010011011100000011101000110011001111101111001011100
0000000000000000000001000000000000000000000000000000000000000000000000000000000000000000000000000000000000000000000000000000000000110100111001000010110000101001101111001100010100100011100011111001010111100110000100101111000100010111111101100011111111111101
0000000000000000000010000000000000000000000000000000000000000000000000000000000000000000000000000000000000000000000000000000000000101011010100001100110111100101111001010000011111010101010011010101011101111110110010100010101010011011100111111001010011000101
0000000000000000000100000000000000000000000000000000000000000000000000000000000000000000000000000000000000000000000000000000000011010001101010100010101011000011111001110111000011000001000011111100111101001101010001101000110101000010100001100101000011101110
0000000000000000001000000000000000000000000000000000000000000000000000000000000000000000000000000000000000000000000000000000000001010011000100111011111111101111011111111011001000110100001000011011010110001111111010111110000011110111000001010010000010000011
0000000000000000010000000000000000000000000000000000000000000000000000000000000000000000000000000000000000000000000000000000000011111101111100101100011010011111101111101100010010100010100001000011101110000111011000110010111010100001101101000010101111010110
0000000000000000100000000000000000000000000000000000000000000000000000000000000000000000000000000000000000000000000000000000000000010011100011100001101111001011101000101011100110100011110101001111100111101100010001101001001010011001110110111011011011000010
0000000000000001000000000000000000000000000000000000000000000000000000000000000000000000000000000000000000000000000000000000000010111111100011100010000010011011101001101100110010001100010100000000111000101111010100011101000001101001001110111100111000000100
0000000000000010000000000000000000000000000000000000000000000000000000000000000000000000000000000000000000000000000000000000000001010101001110001001010000010000101111011111101010111011100000111110111100001110111010110010101100010010011011001111000000111000
0000000000000100000000000000000000000000000000000000000000000000000000000000000000000000000000000000000000000000000000000000000010101010000000001011101011001011011111110001101010110110010110000100111101001101111011111001100101010010011001101110010110001100
0000000000001000000000000000000000000000000000000000000000000000000000000000000000000000000000000000000000000000000000000000000011000001110110100000010110010001100101101010000000111110101111111011001000010111010011110000011100100110110000111101010010010111
0000000000010000000000000000000000000000000000000000000000000000000000000000000000000000000000000000000000000000000000000000000010100000101001011110100000111000010010011100110011101011010101110011000111000000001010010011010001010101111100111111111011011000
0000000000100000000000000000000000000000000000000000000000000000000000000000000000000000000000000000000000000000000000000000000011010111001011000001001100010100001100100011100111101001101111010101111100111000101000111101011001111000110001011101101101110110
0000000001000000000000000000000000000000000000000000000000000000000000000000000000000000000000000000000000000000000000000000000001010110100000100101011101011100110011111011011001111011110111010110010111110010101001010101110000111111011010010100001001010000
0000000010000000000000000000000000000000000000000000000000000000000000000000000000000000000000000000000000000000000000000000000010000101101010111101010001000001110100101000111100000011000010000001001101010000110110111100111110110000011011011101111100011100
0000000100000000000000000000000000000000000000000000000000000000000000000000000000000000000000000000000000000000000000000000000011010111011010111100010000101011010101010010010111101011110110111001001000000011001101011000010000001110111011110010101111111011
0000001000000000000000000000000000000000000000000000000000000000000000000000000000000000000000000000000000000000000000000000000010001001111011101001111001100100010010001111111001010010100111100001111110110011001000101011111111110111100001001001011011110100
0000010000000000000000000000000000000000000000000000000000000000000000000000000000000000000000000000000000000000000000000000000000110001000101111111111011011001101101111001110110101110110111110001110110000111010101010000110000111001001111101010010000001011
0000100000000000000000000000000000000000000000000000000000000000000000000000000000000000000000000000000000000000000000000000000001010111011111101010000101001110110010001100011001001111101100011001111000101010000100010010101101101101101100110001000111000100
0001000000000000000000000000000000000000000000000000000000000000000000000000000000000000000000000000000000000000000000000000000001110100010111010100101000010111010001011001111001100110001110111011111000111101111010110110101110001100101100110011101000010100
0010000000000000000000000000000000000000000000000000000000000000000000000000000000000000000000000000000000000000000000000000000000110100011001011101110001000101011010101011110111010000101011111100011100011001111001101011010100110010010111110000000111000001
0100000000000000000000000000000000000000000000000000000000000000000000000000000000000000000000000000000000000000000000000000000001110110100010011010111001000110011000100011101110110000011100111100001100001100010001111101001000001101001111111011000000110010
1000000000000000000000000000000000000000000000000000000000000000000000000000000000000000000000000000000000000000000000000000000001000001011100001111111000100001000011101100001010101000011100101001011100101100000110100110001010101110000111011110010100001100
